0 0 0 0 0 1 0 1 1 0 
1 0 0 0 0 1 0 0 1 1 
0 0 1 1 0 0 1 0 0 0 
0 0 0 0 0 0 1 0 0 1 
0 0 0 0 0 0 1 0 0 0 
1 0 1 0 0 0 0 0 0 0 
0 0 1 0 1 0 0 0 1 1 
1 1 0 1 0 0 0 0 0 0 
0 0 0 0 0 0 0 1 0 0 
0 0 0 1 0 0 0 0 0 0 
after----
0 0 0 0 1 0 1 1 1 0 
0 0 0 0 0 0 0 0 0 0 
0 0 0 0 0 1 1 1 1 1 
0 0 0 0 0 1 1 1 0 0 
0 0 0 0 0 1 1 1 0 0 
0 0 0 1 0 0 0 0 0 0 
1 0 1 0 0 0 0 0 0 1 
0 0 1 1 0 0 0 0 1 0 
0 0 0 0 0 0 0 0 0 0 
0 0 0 0 0 0 1 1 1 0 
///////////////
0 0 0 0 1 0 1 1 1 0 
0 0 0 0 0 0 0 0 0 0 
0 0 0 0 0 1 1 1 1 1 
0 0 0 0 0 1 1 1 0 0 
0 0 0 0 0 1 1 1 0 0 
0 0 0 1 0 0 0 0 0 0 
1 0 1 0 0 0 0 0 0 1 
0 0 1 1 0 0 0 0 1 0 
0 0 0 0 0 0 0 0 0 0 
0 0 0 0 0 0 1 1 1 0 
after----
0 0 0 0 0 1 1 0 1 0 
0 0 0 0 0 0 1 1 1 0 
0 0 0 0 0 1 0 0 1 0 
0 0 0 0 1 0 0 0 0 0 
0 0 0 0 1 0 0 0 0 0 
0 0 0 0 0 0 0 0 0 0 
0 1 1 0 0 0 0 0 0 1 
0 1 1 1 0 0 0 0 0 1 
0 0 0 0 0 0 0 1 0 0 
0 0 0 0 0 1 1 0 1 0 
///////////////
0 0 0 0 0 1 1 0 1 0 
0 0 0 0 0 0 1 1 1 0 
0 0 0 0 0 1 0 0 1 0 
0 0 0 0 1 0 0 0 0 0 
0 0 0 0 1 0 0 0 0 0 
0 0 0 0 0 0 0 0 0 0 
0 1 1 0 0 0 0 0 0 1 
0 1 1 1 0 0 0 0 0 1 
0 0 0 0 0 0 0 1 0 0 
0 0 0 0 0 1 1 0 1 0 
after----
0 0 0 0 0 0 0 0 1 1 
0 0 0 0 0 0 1 1 1 0 
0 0 0 0 0 1 1 0 1 0 
0 0 0 0 1 1 0 0 0 0 
0 0 0 0 0 1 0 0 0 0 
0 0 0 0 0 0 0 0 0 0 
0 1 0 1 0 0 0 0 0 0 
0 1 0 1 0 0 0 0 1 0 
0 0 0 0 0 0 1 1 0 0 
0 0 0 0 0 1 0 0 1 0 
///////////////
0 0 0 0 0 0 0 0 1 1 
0 0 0 0 0 0 1 1 1 0 
0 0 0 0 0 1 1 0 1 0 
0 0 0 0 1 1 0 0 0 0 
0 0 0 0 0 1 0 0 0 0 
0 0 0 0 0 0 0 0 0 0 
0 1 0 1 0 0 0 0 0 0 
0 1 0 1 0 0 0 0 1 0 
0 0 0 0 0 0 1 1 0 0 
0 0 0 0 0 1 0 0 1 0 
after----
0 0 0 0 0 0 1 0 0 1 
0 0 0 0 0 1 1 0 1 0 
0 0 0 0 1 0 0 0 1 0 
0 0 0 0 1 0 0 0 0 0 
0 0 0 0 1 1 1 0 0 0 
0 0 0 0 0 0 0 0 0 0 
0 0 0 0 0 0 0 0 0 0 
0 0 0 0 0 0 0 1 0 0 
0 0 0 0 0 0 1 1 0 0 
0 0 0 0 0 0 1 0 1 1 
///////////////
0 0 0 0 0 0 1 0 0 1 
0 0 0 0 0 1 1 0 1 0 
0 0 0 0 1 0 0 0 1 0 
0 0 0 0 1 0 0 0 0 0 
0 0 0 0 1 1 1 0 0 0 
0 0 0 0 0 0 0 0 0 0 
0 0 0 0 0 0 0 0 0 0 
0 0 0 0 0 0 0 1 0 0 
0 0 0 0 0 0 1 1 0 0 
0 0 0 0 0 0 1 0 1 1 
after----
0 0 0 0 0 0 1 0 0 1 
0 0 0 0 0 1 0 1 0 0 
0 0 0 0 1 0 0 1 0 0 
0 0 0 1 1 0 0 0 0 0 
0 0 0 0 1 0 1 0 0 0 
0 0 0 0 0 0 0 0 0 0 
0 0 0 0 0 0 0 0 0 0 
0 0 0 0 0 0 1 1 0 0 
0 0 0 0 0 0 1 1 1 0 
0 0 0 0 0 1 1 0 1 1 
///////////////
0 0 0 0 0 0 1 0 0 1 
0 0 0 0 0 1 0 1 0 0 
0 0 0 0 1 0 0 1 0 0 
0 0 0 1 1 0 0 0 0 0 
0 0 0 0 1 0 1 0 0 0 
0 0 0 0 0 0 0 0 0 0 
0 0 0 0 0 0 0 0 0 0 
0 0 0 0 0 0 1 1 0 0 
0 0 0 0 0 0 1 1 1 0 
0 0 0 0 0 1 1 0 1 1 
after----
0 0 0 0 0 0 0 0 0 1 
0 0 0 0 0 0 1 0 0 0 
0 0 0 1 1 1 1 0 0 0 
0 0 0 1 1 0 0 0 0 0 
0 0 0 1 1 0 0 0 0 0 
0 0 0 0 0 0 0 0 0 0 
0 0 0 0 0 0 1 1 0 0 
0 0 0 0 0 0 1 0 1 0 
0 0 0 0 0 1 1 0 1 1 
0 0 0 0 0 1 0 0 0 1 
///////////////
0 0 0 0 0 0 0 0 0 1 
0 0 0 0 0 0 1 0 0 0 
0 0 0 1 1 1 1 0 0 0 
0 0 0 1 1 0 0 0 0 0 
0 0 0 1 1 0 0 0 0 0 
0 0 0 0 0 0 0 0 0 0 
0 0 0 0 0 0 1 1 0 0 
0 0 0 0 0 0 1 0 1 0 
0 0 0 0 0 1 1 0 1 1 
0 0 0 0 0 1 0 0 0 1 
after----
0 0 0 0 0 0 0 0 0 0 
0 0 0 0 1 0 1 0 0 0 
0 0 0 1 0 0 1 0 0 0 
0 0 1 0 0 0 0 0 0 0 
0 0 0 1 1 1 0 0 0 0 
0 0 0 0 0 0 1 1 0 0 
0 0 0 0 0 1 1 0 0 0 
0 0 0 0 0 0 0 0 1 1 
0 0 0 0 0 1 1 0 1 1 
0 0 0 0 0 1 1 0 0 1 
///////////////
0 0 0 0 0 0 0 0 0 0 
0 0 0 0 1 0 1 0 0 0 
0 0 0 1 0 0 1 0 0 0 
0 0 1 0 0 0 0 0 0 0 
0 0 0 1 1 1 0 0 0 0 
0 0 0 0 0 0 1 1 0 0 
0 0 0 0 0 1 1 0 0 0 
0 0 0 0 0 0 0 0 1 1 
0 0 0 0 0 1 1 0 1 1 
0 0 0 0 0 1 1 0 0 1 
after----
0 0 0 0 0 0 1 0 0 0 
0 0 0 0 0 1 0 0 0 0 
0 0 0 1 0 1 0 0 0 0 
0 0 1 0 0 1 0 0 0 0 
0 0 0 1 1 1 0 1 0 0 
0 0 0 0 0 0 0 1 0 0 
0 0 0 0 0 1 0 0 1 0 
0 0 0 0 0 0 0 0 1 1 
0 0 0 0 0 1 1 1 1 1 
0 0 0 0 0 1 1 1 1 1 
///////////////
0 0 0 0 0 0 1 0 0 0 
0 0 0 0 0 1 0 0 0 0 
0 0 0 1 0 1 0 0 0 0 
0 0 1 0 0 1 0 0 0 0 
0 0 0 1 1 1 0 1 0 0 
0 0 0 0 0 0 0 1 0 0 
0 0 0 0 0 1 0 0 1 0 
0 0 0 0 0 0 0 0 1 1 
0 0 0 0 0 1 1 1 1 1 
0 0 0 0 0 1 1 1 1 1 
after----
0 0 0 0 0 0 0 0 1 0 
0 0 0 0 1 0 0 0 0 0 
0 0 0 0 0 1 1 0 0 0 
0 0 1 0 0 1 0 0 0 0 
0 0 0 1 1 1 0 1 0 0 
0 0 0 0 0 0 1 1 0 0 
0 0 0 0 0 0 1 0 1 1 
0 0 0 0 0 1 0 0 0 0 
0 0 0 0 0 1 0 0 0 1 
0 0 0 0 0 0 0 0 0 1 
///////////////
0 0 0 0 0 0 0 0 1 0 
0 0 0 0 1 0 0 0 0 0 
0 0 0 0 0 1 1 0 0 0 
0 0 1 0 0 1 0 0 0 0 
0 0 0 1 1 1 0 1 0 0 
0 0 0 0 0 0 1 1 0 0 
0 0 0 0 0 0 1 0 1 1 
0 0 0 0 0 1 0 0 0 0 
0 0 0 0 0 1 0 0 0 1 
0 0 0 0 0 0 0 0 0 1 
after----
0 0 0 0 0 0 0 0 0 0 
0 0 0 0 0 1 0 0 0 0 
0 0 0 0 1 1 1 0 0 0 
0 0 0 1 0 0 0 0 0 0 
0 0 0 1 1 0 0 1 0 0 
0 0 0 0 0 1 1 0 1 0 
0 0 0 0 0 0 0 0 1 0 
0 0 0 0 0 1 1 0 1 1 
0 0 0 0 0 0 0 0 0 0 
0 0 0 0 0 0 0 0 1 1 
///////////////
0 0 0 0 0 1 0 1 1 0 
1 0 0 0 0 1 0 0 1 1 
0 0 1 1 0 0 1 0 0 0 
0 0 0 0 0 0 1 0 0 1 
0 0 0 0 0 0 1 0 0 0 
1 0 1 0 0 0 0 0 0 0 
0 0 1 0 1 0 0 0 1 1 
1 1 0 1 0 0 0 0 0 0 
0 0 0 0 0 0 0 1 0 0 
0 0 0 1 0 0 0 0 0 0 
after----
0 0 0 0 1 0 1 1 1 0 
0 0 0 0 0 0 0 0 0 0 
0 0 0 0 0 1 1 1 1 1 
0 0 0 0 0 1 1 1 0 0 
0 0 0 0 0 1 1 1 0 0 
0 0 0 1 0 0 0 0 0 0 
1 0 1 0 0 0 0 0 0 1 
0 0 1 1 0 0 0 0 1 0 
0 0 0 0 0 0 0 0 0 0 
0 0 0 0 0 0 1 1 1 0 
///////////////
0 0 0 0 1 0 1 1 1 0 
0 0 0 0 0 0 0 0 0 0 
0 0 0 0 0 1 1 1 1 1 
0 0 0 0 0 1 1 1 0 0 
0 0 0 0 0 1 1 1 0 0 
0 0 0 1 0 0 0 0 0 0 
1 0 1 0 0 0 0 0 0 1 
0 0 1 1 0 0 0 0 1 0 
0 0 0 0 0 0 0 0 0 0 
0 0 0 0 0 0 1 1 1 0 
after----
0 0 0 0 0 1 1 0 1 0 
0 0 0 0 0 0 1 1 1 0 
0 0 0 0 0 1 0 0 1 0 
0 0 0 0 1 0 0 0 0 0 
0 0 0 0 1 0 0 0 0 0 
0 0 0 0 0 0 0 0 0 0 
0 1 1 0 0 0 0 0 0 1 
0 1 1 1 0 0 0 0 0 1 
0 0 0 0 0 0 0 1 0 0 
0 0 0 0 0 1 1 0 1 0 
///////////////
0 0 0 0 0 1 1 0 1 0 
0 0 0 0 0 0 1 1 1 0 
0 0 0 0 0 1 0 0 1 0 
0 0 0 0 1 0 0 0 0 0 
0 0 0 0 1 0 0 0 0 0 
0 0 0 0 0 0 0 0 0 0 
0 1 1 0 0 0 0 0 0 1 
0 1 1 1 0 0 0 0 0 1 
0 0 0 0 0 0 0 1 0 0 
0 0 0 0 0 1 1 0 1 0 
after----
0 0 0 0 0 0 0 0 1 1 
0 0 0 0 0 0 1 1 1 0 
0 0 0 0 0 1 1 0 1 0 
0 0 0 0 1 1 0 0 0 0 
0 0 0 0 0 1 0 0 0 0 
0 0 0 0 0 0 0 0 0 0 
0 1 0 1 0 0 0 0 0 0 
0 1 0 1 0 0 0 0 1 0 
0 0 0 0 0 0 1 1 0 0 
0 0 0 0 0 1 0 0 1 0 
///////////////
0 0 0 0 0 0 0 0 1 1 
0 0 0 0 0 0 1 1 1 0 
0 0 0 0 0 1 1 0 1 0 
0 0 0 0 1 1 0 0 0 0 
0 0 0 0 0 1 0 0 0 0 
0 0 0 0 0 0 0 0 0 0 
0 1 0 1 0 0 0 0 0 0 
0 1 0 1 0 0 0 0 1 0 
0 0 0 0 0 0 1 1 0 0 
0 0 0 0 0 1 0 0 1 0 
after----
0 0 0 0 0 0 1 0 0 1 
0 0 0 0 0 1 1 0 1 0 
0 0 0 0 1 0 0 0 1 0 
0 0 0 0 1 0 0 0 0 0 
0 0 0 0 1 1 1 0 0 0 
0 0 0 0 0 0 0 0 0 0 
0 0 0 0 0 0 0 0 0 0 
0 0 0 0 0 0 0 1 0 0 
0 0 0 0 0 0 1 1 0 0 
0 0 0 0 0 0 1 0 1 1 
///////////////
0 0 0 0 0 0 1 0 0 1 
0 0 0 0 0 1 1 0 1 0 
0 0 0 0 1 0 0 0 1 0 
0 0 0 0 1 0 0 0 0 0 
0 0 0 0 1 1 1 0 0 0 
0 0 0 0 0 0 0 0 0 0 
0 0 0 0 0 0 0 0 0 0 
0 0 0 0 0 0 0 1 0 0 
0 0 0 0 0 0 1 1 0 0 
0 0 0 0 0 0 1 0 1 1 
after----
0 0 0 0 0 0 1 0 0 1 
0 0 0 0 0 1 0 1 0 0 
0 0 0 0 1 0 0 1 0 0 
0 0 0 1 1 0 0 0 0 0 
0 0 0 0 1 0 1 0 0 0 
0 0 0 0 0 0 0 0 0 0 
0 0 0 0 0 0 0 0 0 0 
0 0 0 0 0 0 1 1 0 0 
0 0 0 0 0 0 1 1 1 0 
0 0 0 0 0 1 1 0 1 1 
///////////////
0 0 0 0 0 0 1 0 0 1 
0 0 0 0 0 1 0 1 0 0 
0 0 0 0 1 0 0 1 0 0 
0 0 0 1 1 0 0 0 0 0 
0 0 0 0 1 0 1 0 0 0 
0 0 0 0 0 0 0 0 0 0 
0 0 0 0 0 0 0 0 0 0 
0 0 0 0 0 0 1 1 0 0 
0 0 0 0 0 0 1 1 1 0 
0 0 0 0 0 1 1 0 1 1 
after----
0 0 0 0 0 0 0 0 0 1 
0 0 0 0 0 0 1 0 0 0 
0 0 0 1 1 1 1 0 0 0 
0 0 0 1 1 0 0 0 0 0 
0 0 0 1 1 0 0 0 0 0 
0 0 0 0 0 0 0 0 0 0 
0 0 0 0 0 0 1 1 0 0 
0 0 0 0 0 0 1 0 1 0 
0 0 0 0 0 1 1 0 1 1 
0 0 0 0 0 1 0 0 0 1 
///////////////
0 0 0 0 0 0 0 0 0 1 
0 0 0 0 0 0 1 0 0 0 
0 0 0 1 1 1 1 0 0 0 
0 0 0 1 1 0 0 0 0 0 
0 0 0 1 1 0 0 0 0 0 
0 0 0 0 0 0 0 0 0 0 
0 0 0 0 0 0 1 1 0 0 
0 0 0 0 0 0 1 0 1 0 
0 0 0 0 0 1 1 0 1 1 
0 0 0 0 0 1 0 0 0 1 
after----
0 0 0 0 0 0 0 0 0 0 
0 0 0 0 1 0 1 0 0 0 
0 0 0 1 0 0 1 0 0 0 
0 0 1 0 0 0 0 0 0 0 
0 0 0 1 1 1 0 0 0 0 
0 0 0 0 0 0 1 1 0 0 
0 0 0 0 0 1 1 0 0 0 
0 0 0 0 0 0 0 0 1 1 
0 0 0 0 0 1 1 0 1 1 
0 0 0 0 0 1 1 0 0 1 
///////////////
0 0 0 0 0 0 0 0 0 0 
0 0 0 0 1 0 1 0 0 0 
0 0 0 1 0 0 1 0 0 0 
0 0 1 0 0 0 0 0 0 0 
0 0 0 1 1 1 0 0 0 0 
0 0 0 0 0 0 1 1 0 0 
0 0 0 0 0 1 1 0 0 0 
0 0 0 0 0 0 0 0 1 1 
0 0 0 0 0 1 1 0 1 1 
0 0 0 0 0 1 1 0 0 1 
after----
0 0 0 0 0 0 1 0 0 0 
0 0 0 0 0 1 0 0 0 0 
0 0 0 1 0 1 0 0 0 0 
0 0 1 0 0 1 0 0 0 0 
0 0 0 1 1 1 0 1 0 0 
0 0 0 0 0 0 0 1 0 0 
0 0 0 0 0 1 0 0 1 0 
0 0 0 0 0 0 0 0 1 1 
0 0 0 0 0 1 1 1 1 1 
0 0 0 0 0 1 1 1 1 1 
///////////////
0 0 0 0 0 0 1 0 0 0 
0 0 0 0 0 1 0 0 0 0 
0 0 0 1 0 1 0 0 0 0 
0 0 1 0 0 1 0 0 0 0 
0 0 0 1 1 1 0 1 0 0 
0 0 0 0 0 0 0 1 0 0 
0 0 0 0 0 1 0 0 1 0 
0 0 0 0 0 0 0 0 1 1 
0 0 0 0 0 1 1 1 1 1 
0 0 0 0 0 1 1 1 1 1 
after----
0 0 0 0 0 0 0 0 1 0 
0 0 0 0 1 0 0 0 0 0 
0 0 0 0 0 1 1 0 0 0 
0 0 1 0 0 1 0 0 0 0 
0 0 0 1 1 1 0 1 0 0 
0 0 0 0 0 0 1 1 0 0 
0 0 0 0 0 0 1 0 1 1 
0 0 0 0 0 1 0 0 0 0 
0 0 0 0 0 1 0 0 0 1 
0 0 0 0 0 0 0 0 0 1 
///////////////
0 0 0 0 0 0 0 0 1 0 
0 0 0 0 1 0 0 0 0 0 
0 0 0 0 0 1 1 0 0 0 
0 0 1 0 0 1 0 0 0 0 
0 0 0 1 1 1 0 1 0 0 
0 0 0 0 0 0 1 1 0 0 
0 0 0 0 0 0 1 0 1 1 
0 0 0 0 0 1 0 0 0 0 
0 0 0 0 0 1 0 0 0 1 
0 0 0 0 0 0 0 0 0 1 
after----
0 0 0 0 0 0 0 0 0 0 
0 0 0 0 0 1 0 0 0 0 
0 0 0 0 1 1 1 0 0 0 
0 0 0 1 0 0 0 0 0 0 
0 0 0 1 1 0 0 1 0 0 
0 0 0 0 0 1 1 0 1 0 
0 0 0 0 0 0 0 0 1 0 
0 0 0 0 0 1 1 0 1 1 
0 0 0 0 0 0 0 0 0 0 
0 0 0 0 0 0 0 0 1 1 
///////////////
